1.0 0.6497665047645569 0.058928173035383224 0.3758060932159424 0.04247276112437248 0.15365798771381378 0.14676451683044434 0.076717808842659 0.08983767032623291 0.2223704755306244 0.16766732931137085 0.07315988093614578 0.01667778566479683 0.17167000472545624 0.12497220188379288 0.10451412200927734 0.06270847469568253 0.07026907056570053 0.08516789227724075 0.1109628677368164 0.11162997782230377 
0.8660343885421753 1.0 0.0486069954931736 0.3956727981567383 0.03823355212807655 0.14819206297397614 0.13811500370502472 0.058980438858270645 0.0794309452176094 0.24925903975963593 0.19027860462665558 0.07409603148698807 0.01304090116173029 0.19561351835727692 0.12270302325487137 0.09780675917863846 0.06579727679491043 0.06905750185251236 0.07083580642938614 0.12418494373559952 0.11499703675508499 
0.19485294818878174 0.12058823555707932 1.0 0.11764705926179886 0.03014705888926983 0.07573529332876205 0.052941177040338516 0.07720588147640228 0.009558823890984058 0.03970588371157646 0.05955882370471954 0.1257352977991104 0.009558823890984058 0.03235294297337532 0.02132353000342846 0.01617647148668766 0.06691176444292068 0.026470588520169258 0.010294117964804173 0.05514705926179886 0.012500000186264515 
0.6475095748901367 0.5114942789077759 0.061302680522203445 1.0 0.06704980880022049 0.06934865564107895 0.08888889104127884 0.02413793094456196 0.05478927120566368 0.4122605323791504 0.31532567739486694 0.027203064411878586 0.016475096344947815 0.14980842173099518 0.2613026797771454 0.15134099125862122 0.04636015370488167 0.04482758790254593 0.03639846667647362 0.18045976758003235 0.07471264153718948 
0.16352739930152893 0.11044520884752274 0.03510273993015289 0.14982876181602478 1.0 0.18321917951107025 0.0034246575087308884 0.007705479394644499 0.03938356041908264 0.03681506961584091 0.07020547986030579 0.026541095227003098 0.03681506961584091 0.02054794505238533 0.02226027473807335 0.029965752735733986 0.0008561643771827221 0.07876712083816528 0.014554794877767563 0.032534245401620865 0.024828767403960228 
0.5092114806175232 0.3684598505496979 0.07590273022651672 0.13338245451450348 0.1577008068561554 1.0 0.058953575789928436 0.04716286063194275 0.24465733766555786 0.06927044689655304 0.020633751526474953 0.07958732545375824 0.06263817101716995 0.04200442135334015 0.058953575789928436 0.0633750930428505 0.058953575789928436 0.01989683136343956 0.1252763420343399 0.013264554552733898 0.10906410962343216 
0.5892857313156128 0.41607141494750977 0.06428571790456772 0.20714285969734192 0.0035714285913854837 0.0714285746216774 1.0 0.26875001192092896 0.03125 0.08392857015132904 0.02500000037252903 0.11696428805589676 0.004464285913854837 0.0446428582072258 0.1116071417927742 0.02053571492433548 0.0803571417927742 0.02946428582072258 0.02321428619325161 0.015178571455180645 0.03303571417927742 
0.3502538204193115 0.20203045010566711 0.10659898817539215 0.06395938992500305 0.009137055836617947 0.06497462093830109 0.30558374524116516 1.0 0.020304568111896515 0.009137055836617947 0.013197969645261765 0.1532994955778122 0.009137055836617947 0.009137055836617947 0.025380710139870644 0.007106598932296038 0.24670051038265228 0.027411168441176414 0.007106598932296038 0.004060913808643818 0.012182741425931454 
0.3553210198879242 0.23570799827575684 0.011433596722781658 0.12576957046985626 0.0404573455452919 0.29199647903442383 0.030782761052250862 0.017590150237083435 1.0 0.05804749205708504 0.01231310423463583 0.0343007929623127 0.352682501077652 0.04397537559270859 0.04837290942668915 0.04133685305714607 0.007036059629172087 0.03869833052158356 0.16358838975429535 0.013192611746490002 0.06420404464006424 
0.7776049971580505 0.6539657711982727 0.04199066758155823 0.8367029428482056 0.03343701362609863 0.07309486716985703 0.07309486716985703 0.0069984449073672295 0.05132192745804787 1.0 0.34525659680366516 0.01866251975297928 0.0031104199588298798 0.2161741852760315 0.3265940845012665 0.14618973433971405 0.04121306538581848 0.04821150749921799 0.03654743358492851 0.19284602999687195 0.1143079325556755 
0.7399411201477051 0.6300294399261475 0.07948969304561615 0.8076545596122742 0.08047105371952057 0.027477920055389404 0.027477920055389404 0.012757605873048306 0.013738960027694702 0.4357213079929352 1.0 0.01864573173224926 0.001962708542123437 0.20215897262096405 0.07850833982229233 0.13837094604969025 0.03729146346449852 0.026496564969420433 0.01864573173224926 0.32482826709747314 0.0500490665435791 
0.36273428797721863 0.27563396096229553 0.18853363394737244 0.07828004658222198 0.034178610891103745 0.11907386779785156 0.1444321870803833 0.16648291051387787 0.04299889877438545 0.026460859924554825 0.020948180928826332 1.0 0.003307607490569353 0.018743108958005905 0.016538036987185478 0.020948180928826332 0.21389195322990417 0.028665931895375252 0.04410143196582794 0.00771775096654892 0.020948180928826332 
0.09305211156606674 0.05459057167172432 0.016129031777381897 0.053349874913692474 0.053349874913692474 0.1054590567946434 0.006203474011272192 0.011166253127157688 0.4975185990333557 0.004962779115885496 0.002481389557942748 0.003722084453329444 1.0 0.004962779115885496 0.007444168906658888 0.003722084453329444 0.003722084453329444 0.003722084453329444 0.01861042156815529 0.0 0.003722084453329444 
0.9029240012168884 0.7719298005104065 0.05146198719739914 0.45730993151664734 0.028070176020264626 0.06666667014360428 0.05847953259944916 0.010526316240429878 0.05847953259944916 0.3251461982727051 0.24093566834926605 0.019883040338754654 0.004678362514823675 1.0 0.1485380083322525 0.060818713158369064 0.015204678289592266 0.023391813039779663 0.06549707800149918 0.12280701845884323 0.05614035204052925 
0.6738609075546265 0.49640288949012756 0.03477218374609947 0.8177458047866821 0.03117506019771099 0.09592325985431671 0.14988009631633759 0.029976019635796547 0.06594724208116531 0.5035971403121948 0.09592325985431671 0.017985612154006958 0.007194244768470526 0.15227818489074707 1.0 0.08513189107179642 0.025179855525493622 0.02757793851196766 0.050359711050987244 0.06235012039542198 0.08513189107179642 
0.6072351336479187 0.42635658383369446 0.028423773124814034 0.5103359222412109 0.04521963745355606 0.1111111119389534 0.02971576154232025 0.009043927304446697 0.06072351336479187 0.24289405345916748 0.1821705400943756 0.02454780414700508 0.0038759689778089523 0.0671834647655487 0.09173126518726349 1.0 0.002583979396149516 0.1033591702580452 0.028423773124814034 0.11369509249925613 0.23514211177825928 
0.37350994348526 0.2940397262573242 0.12052980065345764 0.16026489436626434 0.0013245033333078027 0.10596026480197906 0.1192052960395813 0.32185429334640503 0.010596026666462421 0.0701986774802208 0.050331126898527145 0.2569536566734314 0.00397351011633873 0.017218543216586113 0.02781456895172596 0.0026490066666156054 1.0 0.009271522983908653 0.0013245033333078027 0.00794702023267746 0.00794702023267746 
0.48765432834625244 0.35956791043281555 0.0555555559694767 0.1805555522441864 0.1419753134250641 0.0416666679084301 0.05092592537403107 0.0416666679084301 0.06790123134851456 0.09567901492118835 0.0416666679084301 0.040123455226421356 0.004629629664123058 0.03086419776082039 0.03549382835626602 0.12345679104328156 0.010802469216287136 1.0 0.0833333358168602 0.018518518656492233 0.2114197462797165 
0.6227642297744751 0.3886178731918335 0.02276422828435898 0.15447154641151428 0.027642276138067245 0.27642276883125305 0.042276423424482346 0.01138211414217949 0.30243903398513794 0.07642276585102081 0.030894309282302856 0.06504064798355103 0.024390242993831635 0.09105691313743591 0.06829268485307693 0.035772357136011124 0.00162601622287184 0.08780487626791 1.0 0.02276422828435898 0.04552845656871796 
0.7595129609107971 0.6377473473548889 0.11415524780750275 0.7168949842453003 0.05783865973353386 0.027397260069847107 0.025875190272927284 0.006088280119001865 0.02283105067908764 0.3774733543395996 0.5038051605224609 0.010654490441083908 0.0 0.15981735289096832 0.07914764434099197 0.1339421570301056 0.00913241971284151 0.01826483942568302 0.021308980882167816 1.0 0.03500761091709137 
0.7880690693855286 0.6091051697731018 0.02668759785592556 0.30612245202064514 0.04552590101957321 0.23233908414840698 0.058084771037101746 0.0188383050262928 0.11459968239068985 0.23076923191547394 0.08006279170513153 0.029827315360307693 0.0047095762565732 0.0753532201051712 0.11145997047424316 0.2857142984867096 0.0094191525131464 0.21507064998149872 0.04395604506134987 0.03610675036907196 1.0 
